2
3
180
3
2
79
4
1
188
4
3
176
4
3
102
4
2
155
1
5
172
1
4
91
2
4
116
2
5
60
2
1
135
2
4
17
3
3
22
3
3
173
3
5
8
4
4
147
4
1
149
4
2
14
1
1
168
1
1
82
1
2
84
1
4
185
1
3
48
2
1
156
2
4
161
3
1
122
1
2
98
1
3
111
1
1
105
1
2
180
2
5
143
2
3
135
2
5
43
3
1
168
3
3
180
3
5
52
4
3
176
4
5
147
4
3
72
4
5
158
4
3
102
1
3
57
2
3
115
2
4
15
2
5
172
3
3
87
3
3
6
3
3
190
4
5
5
4
4
11
4
4
111
4
3
125
4
4
53
1
5
110
2
5
169
2
4
23
2
5
82
2
5
199
2
4
53
3
2
186
3
1
144
3
2
48
3
1
197
4
2
144
4
3
74
1
5
12
1
4
125
1
4
85
1
2
92
2
2
176
2
2
33
2
4
110
3
3
94
3
2
176
3
1
142
3
1
166
3
2
162
4
4
193
1
4
32
1
1
16
2
1
33
2
5
74
2
2
4
3
1
129
4
2
85
4
4
107
4
5
95
1
2
17
1
5
94
1
5
180
1
1
120
1
1
17
2
5
172
3
5
87
3
2
53
4
3
77
4
5
19
4
2
98
4
5
12
1
1
38
1
2
34
1
2
161
1
2
114
2
3
74
2
2
147
2
3
40
2
3
95
2
5
44
3
5
22
3
4
96
4
2
164
4
1
85
4
3
106
4
5
122
1
4
14
1
2
62
1
5
34
1
1
155
3
4
44
3
1
139
3
3
18
3
1
122
4
2
136
4
2
100
4
3
40
1
3
26
1
3
108
1
2
183
1
5
45
1
3
183
2
3
138
2
4
3
2
2
186
2
4
101
3
4
149
3
5
81
4
3
39
1
2
69
1
1
134
2
2
46
2
1
129
3
4
94
4
4
49
4
5
93
1
4
122
1
4
139
1
4
25
1
4
95
2
3
71
2
3
37
2
1
76
2
3
183
2
1
129
3
3
154
4
3
60
4
4
83
4
1
24
4
1
70
3
3
37
3
5
4
4
5
61
4
2
161
1
2
4
1
5
15
1
2
126
1
3
166
2
4
81
2
2
172
2
2
23
2
4
72
3
3
191
3
3
125
3
4
69
4
4
92
4
2
199
4
4
40
4
3
104
2
1
168
2
1
47
2
2
27
2
4
14
2
1
177
3
4
173
3
4
112
4
5
5
4
1
188
4
3
131
4
4
174
4
1
17
1
3
31
1
4
157
2
1
129
2
1
77
3
5
104
3
3
58
3
2
113
4
4
63
4
3
157
3
3
154
3
5
126
4
5
51
4
4
166
1
4
1
1
4
95
1
5
101
2
5
146
2
2
86
2
2
193
3
1
165
4
5
30
4
5
165
4
3
127
2
4
20
2
3
79
2
4
76
3
3
28
3
4
184
3
2
18
1
5
187
1
5
95
1
5
53
3
4
107
3
3
95
3
2
126
3
2
195
3
2
61
1
2
34
1
5
158
2
3
140
2
2
121
3
5
92
4
2
86
4
3
178
1
1
144
3
1
74
1
1
101
1
5
8
2
5
47
2
4
39
2
3
166
3
4
15
3
2
6
3
5
169
4
4
104
4
1
6
1
1
93
1
2
88
1
4
34
1
1
4
1
1
79
2
5
53
2
5
44
3
4
82
3
3
153
2
5
195
2
1
18
2
2
38
2
5
190
2
3
133
3
4
124
3
5
153
4
5
83
4
2
79
4
1
104
4
4
73
4
1
159
2
4
144
2
4
137
3
2
107
3
1
105
3
5
184
3
3
104
3
3
5
4
4
62
2
3
57
2
1
171
2
2
116
2
1
183
2
4
63
3
2
97
3
1
176
3
4
131
3
5
152
4
4
151
1
5
10
1
4
65
1
5
13
2
4
147
2
5
75
2
1
3
3
2
176
3
1
80
4
2
198
